01111100011110000011111000111110
10011110000011100100111100001111
01001101010001101100011011010011
11100001111100011010000011010100
11110000011011000111100100111110
00111100000111110001111000001111
10001111001001011100001111000011
11101000101000011110000011111001
11011000001111000111100000111100
10011110100111110000111000001111
10110010100001111100001111001000
11101101111101001111100010110000
00111000001111000111110000011110
10011110000011100000111100000111
10000110100000010110100101000001
11110000111000001111100001111000
01111000011111000111110000111100
10111100000111100000111000011010
01001100010011110010011110000111
10000011110000111100001110101000
11110000110110000111100000111100
00111000101111101001110000111011
11001111100001111000011111000011
01000011110000011110000011110000
11111000011111010111100000111100
00111110000111110000110100001111